cPower  100 187  50 26
LdPower 100 287  50 26
Test    20 500 50 26

cPower 5.0 170 200 -16 4
LdPower 5.0 170 300 -18 4
busA 5.0 400 200 -10 4
Load 5.0 900 210 -10 4

Start
LD 5.0 558 200 -4 4
LN 5.0 490 200 -6 4
500 170 50 25

conC 5.0 520 400 8 -14
0 -20 80 60
com 5.0 0 40 6 0
no 5.0 80 20 -14 0
nc 5.0 80 40 -14 0

conP 5.0 660 500 8 -14
0 -20 80 60
com 5.0 0 40 6 0
no 5.0 80 20 -14 0
nc 5.0 80 40 -14 0

LG1 680 184 70 50 0 -16
tA 5.0 0 16 10 -10
tB 5.0 0 32 10 -10
tOut 5.0 70 16 -30 -10

Stop
LD 5.0 490 300 -4 4
LN 5.0 558 300 -6 4
500 270 50 25

30 900 170


timer 5.0 700 300 -16 -24 20.0 -16 8