cPower  100 307  50 26
LdPower 100 347  50 26
program 20 500 50 26

cPower1 5.0 170 320 -16 4
LdPower1 5.0 170 360 -18 4

LoadLt 5.0 840 450 -10 4
LoadRt 5.0 1000 550 -10 4
LoadUp 5.0 1000 410 -10 4

LoadLt_rev 5.0 900 410 -10 4
LoadRt_rev 5.0 880 520 -10 4
LoadUp_rev 5.0 1070 450 -10 4

10 900 310

LsLeft 4.0 300 300 0 -30
0 -10 40 30
com 3.5 0 20 -30 0
no 3.5 40 10 4 -16
nc 3.5 40 20 4 0
814 1 800 500 10 30 4

LsRight 4.0 440 500 0 -30
0 -10 40 30
com 3.5 0 20 -30 0
no 3.5 40 10 4 -16
nc 3.5 40 20 4 0
1086 -1 1100 500 10 30 4

LsUp 4.0 440 140 0 -30
0 -10 40 30
com 3.5 0 20 -30 0
no 3.5 40 10 4 -16
nc 3.5 40 20 4 0
414 1 950 400 10 30 4

GoodToHere

LsPower  100 260  50 26
reverse  100 200  50 26

con2Lt 4.0 230 236 0 -28
0 -10 40 30
com 3.5 0 20 -30 0
no 3.5 40 10 4 -16
nc 3.5 40 20 4 0

con2Rt 4.0 370 430 0 -28
0 -10 40 30
com 3.5 0 20 -30 0
no 3.5 40 10 4 -16
nc 3.5 40 20 4 0

con2Up 4.0 370 70 0 -28
0 -10 40 30
com 3.5 0 20 -30 0
no 3.5 40 10 4 -16
nc 3.5 40 20 4 0

StopAll  100 400  80 50

70 -10
70 -10

100 550 40  100 100 255