1280 720
30000 10000 0
1000 2000 3000 6000

17
-200 0 -450 0 1 0    200 200 3 0 10 R 0
-200 80 -450 0 0 1    80 160 4 0 0 R 1
200 0 -450 0 1 0     200 200 3 0 10 R 0
200 75 -450 0 0 1    100 150 6 0 0 R 1

-200 0 -150 0 1 0    200 200 3 0 10 R 0
-200 80 -150 0 0 1    80 160 4 0 0 R 1
200 0 -150 0 1 0     200 200 3 0 10 R 0
200 75 -150 0 0 1    100 150 6 0 0 R 1

-200 0 150 0 1 0     200 200 3 0 10 R 0
-200 80 150 0 0 1    80 160 4 0 0 R 1
200 0 150 0 1 0     200 200 3 0 10 R 0
200 75 150 0 0 1    100 150 6 0 0 R 1

-200 0 450 0 1 0     200 200 3 0 10 R 0
-200 80 450 0 0 1    80 160 4 0 0 R 1
200 0 450 0 1 0     200 200 3 0 10 R 0
200 75 450 0 0 1    100 150 6 0 0 R 1

0 400 0 0 0 1     200 200 3 0 37 R 0

8
0 -400 140 -450
1 400  100 -450
1 -400 140 -150
0 400  100 -150
0 -400 100 150
1 400 140 150
1 -400 100 450
0 400  140 450

10 1000 50 0.5