16 18
 D 453 113 13
F 347 174 -1 -1 25
F 645 177 -1 -1 26
B 340 255 7 2 -1
B 335 333 -1 29 -1
B 645 253 11 4 -1
B 640 334 -1 30 -1
A 702 120 3
H 130 195 -1 32 -1 335.005 577.442
H 451 237 -1 31 -1 883.996 564.674
G 114 134 -1 0 17
G 114 314 23 14 27
G 89 412 28 8 -1
B 254 246 -1 -1 5
B 559 252 -1 -1 9
G 439 313 -1 15 24
A 626 297 10
A 235 214 20
A 546 227 22
A 289 321 6
G 554 413 -1 12 -1
A 458 525 -1
A 744 519 -1
G 506 237 -1 1 21
G 194 200 -1 34 19
B 228 147 -1 35 -1
A 704 147 3