3 61
H 235 193 -1 -1 6 590.004 593.593
F 446 203 -1 -1 24
G 134 207 -1 5 0
G 100 457 23 10 -1
 D 283 129 57
G 304 194 21 -1 58
B 438 272 9 2 -1
B 443 393 -1 48 -1
B 336 266 -1 -1 7
B 615 273 -1 -1 15
B 705 273 17 20 -1
B 707 395 -1 50 -1
F 715 221 -1 -1 25
G 276 347 22 8 -1
G 548 336 41 29 26
G 696 445 -1 18 -1
A 306 261 12
A 577 273 14
H 522 271 -1 28 -1 1087.62 613.969
B 527 190 -1 30 31
A 681 334 16
G 607 173 -1 34 13
G 592 211 -1 19 32
A 586 240 33
A 335 238 11
A 483 159 1
H 827 156 -1 36 -1 1074.19 344.006
F 840 230 -1 -1 38
B 837 295 -1 40 -1
G 962 301 -1 37 42
G 781 343 -1 35 39
A 961 373 43
G 756 370 44 -1 49
A 534 363 47
A 497 372 46
A 502 192 27
B 536 389 45 55 54
B 800 397 -1 51 52
A 875 401 53
A 1026 420 -1
A 1027 505 -1
A 894 567 -1
A 594 391 56
A 739 573 -1
G 396 129 -1 1 59
F 169 322 -1 -1 62
B 152 383 -1 4 -1
A 150 298 60