16 18
 D 453 113 13
F 347 174 -1 -1 25
F 645 177 -1 -1 26
B 340 255 7 2 -1
B 337 365 -1 47 -1
B 645 253 11 4 -1
B 598 359 -1 49 -1
A 702 120 3
H 130 195 -1 32 -1 515 579
H 451 237 -1 31 -1 999 565
G 114 134 -1 0 17
G 114 314 23 14 27
G 89 412 28 8 -1
B 254 246 -1 -1 5
B 559 252 -1 -1 9
G 439 313 36 15 24
A 626 297 10
A 235 214 20
A 546 227 22
A 289 321 6
G 554 413 -1 12 -1
A 458 525 -1
A 744 519 -1
G 506 237 -1 1 21
G 194 200 -1 34 19
B 228 147 -1 35 -1
A 704 147 3
G 698 308 -1 39 44
F 876 283 -1 -1 45
H 844 235 -1 37 -1 988 262
B 778 350 -1 -1 42
B 863 347 -1 59 -1
A 831 308 43
A 766 295 41
B 424 364 -1 29 50
B 678 356 55 30 51
A 536 518 -1
A 817 517 -1
A 1177 525 -1
A 936 409 54
A 656 412 48
A 670 335 56
A 415 341 46
F 1216 541 -1 -1 -1
G 930 352 -1 38 53