6 18

0
-1000 140 4000 140 280 140 0 255 255 255
0 R 0
1 R 0
2 R 0
3 R 0
4 R 0
5 R 0

0
1000 100 4000 280 200 140 1 255 255 255
0 R 0
1 R 0
2 R 0
3 R 0
4 R 0
5 R 0

5
1000 120 4000 315 240 120 0 255 255 255
0 R 1
0 R 1
3 R 0
3 R 0
1 R 0
1 R 0

1
800 100 2000 39 35 91 0 255 255 255
0 R 1
1 R 1
2 R 0
4 R 0
5 R 1
3 R 1

7
800 100 -2000 78 70 182 0 255 255 255
0 R 1
1 R 1
3 R 0
4 R 0
2 R 1
2 R 1

3
800 100 1000 200 200 200 0 255 255 255
25 R 1
25 R 1
25 R 0
25 R 0
25 R 1
25 R 1

5
-1000 140 4000
-500 140 4000
200  140 4000
600  140 4000
1000  140 4000
6
-1000 100 4500
-600 100 4500
-200 100 4500
200  100 4500
600  100 4500
1000 100 4500
4
-1000 120 5000
-500 120 5000
500 120 5000
1000 120 5000
1
200 20 2000

1
-200 40 2000

1
1000 100 3000

5 -1000 100 3000