images/boomSm.bmp
4
5
0 0 16 16
16 0 16 16
32 0 16 16
48 0 16 16
64 0 16 16
5
0 16 16 16
16 16 16 16
32 16 16 16
48 16 16 16
64 16 16 16

36
0 64 16 16
0 64 16 16
0 64 16 16
16 64 16 16
16 64 16 16
16 64 16 16
32 64 16 16
32 64 16 16
32 64 16 16
48 64 16 16
48 64 16 16
48 64 16 16
64 64 16 16
64 64 16 16
64 64 16 16
0 80 16 16
0 80 16 16
0 80 16 16
16 80 16 16
16 80 16 16
16 80 16 16
32 80 16 16
32 80 16 16
32 80 16 16
48 80 16 16
48 80 16 16
48 80 16 16

40
0 32 16 16
0 32 16 16
0 32 16 16
0 32 16 16

16 32 16 16
16 32 16 16
16 32 16 16
16 32 16 16

32 32 16 16
32 32 16 16
32 32 16 16
32 32 16 16

48 32 16 16
48 32 16 16
48 32 16 16
48 32 16 16

64 32 16 16
64 32 16 16
64 32 16 16
64 32 16 16

0 48 16 16
0 48 16 16
0 48 16 16
0 48 16 16

16 48 16 16
16 48 16 16
16 48 16 16
16 48 16 16

32 48 16 16
32 48 16 16
32 48 16 16
32 48 16 16

48 48 16 16
48 48 16 16
48 48 16 16
48 48 16 16

64 48 16 16
64 48 16 16
64 48 16 16
64 48 16 16

1 0 0 0