include/levels/lvl_perspective/images/message.png

1
100
1 4 202 34
3 4 202 34
5 4 202 34
7 4 202 34
9 4 202 34
11 4 202 34
13 4 202 34
15 4 202 34
17 4 202 34
19 4 202 34
21 4 202 34
23 4 202 34
25 4 202 34
27 4 202 34
29 4 202 34
31 4 202 34
33 4 202 34
35 4 202 34
37 4 202 34
39 4 202 34
41 4 202 34
43 4 202 34
45 4 202 34
47 4 202 34
49 4 202 34
51 4 202 34
53 4 202 34
55 4 202 34
57 4 202 34
59 4 202 34
61 4 202 34
63 4 202 34
65 4 202 34
67 4 202 34
69 4 202 34
71 4 202 34
73 4 202 34
75 4 202 34
77 4 202 34
79 4 202 34
81 4 202 34
83 4 202 34
85 4 202 34
87 4 202 34
89 4 202 34
91 4 202 34
93 4 202 34
95 4 202 34
97 4 202 34
99 4 202 34
101 4 202 34
103 4 202 34
105 4 202 34
107 4 202 34
109 4 202 34
111 4 202 34
113 4 202 34
115 4 202 34
117 4 202 34
119 4 202 34
121 4 202 34
123 4 202 34
125 4 202 34
127 4 202 34
129 4 202 34
131 4 202 34
133 4 202 34
135 4 202 34
137 4 202 34
139 4 202 34
141 4 202 34
143 4 202 34
145 4 202 34
147 4 202 34
149 4 202 34
151 4 202 34
153 4 202 34
155 4 202 34
157 4 202 34
159 4 202 34
161 4 202 34
163 4 202 34
165 4 202 34
167 4 202 34
169 4 202 34
171 4 202 34
173 4 202 34
175 4 202 34
177 4 202 34
179 4 202 34
181 4 202 34
183 4 202 34
185 4 202 34
187 4 202 34
189 4 202 34
191 4 202 34
193 4 202 34
195 4 202 34
197 4 202 34
199 4 202 34