14  240 0 0
12  0 200 100

200 0.005236
-2000 600 6000  1200 600  40 20
-300 900  -300 300  255 0 0
0 0 -200 0  160 0.0 0.5236

0.7 300
-2000 2000 3000 600 600 20 20
-300 300  -300 300  100 0 255
100 0 0 0.5  10
800 10 100

0.004 250
2000 1000 3000 600 600 20 20
-300 300  -300 300  100 200 0
100 10 0 0.8  20
800 30 100

1 60 250
2000 1000 6000 600 600 20 20
-300 300 -300 300  0 200 200

0.004 0 100
2000 2000 9000 600 900 20 30
-300 300 -450 450  200 200 0
200 0  10
800 50 100


2
include/levels/lvl_terrainPerspective/hitTest_data.txt