40
-200 350 20000 400 700 0 0 1   9 0 0 R 1    1
-200 0 20000 1000 1000 0 1 0   0 0 10 R 0   0
200 350 20000 400 700 0 0 1   9 0 0 R 1    1
200 0 20000 1000 1000 0 1 0   0 0 10 R 0   0

-6000 350 13000 400 700 0 0 1   9 0 0 R 1    1
-6000 0 13000 1000 1000 0 1 0   0 0 10 R 0   0
6000 350 13000 400 700 0 0 1   9 0 0 R 1    1
6000 0 13000 1000 1000 0 1 0   0 0 10 R 0   0

-4000 350 9000 400 700 0 0 1   9 0 0 R 1    1
-4000 0 9000 1000 1000 0 1 0   0 0 10 R 0   0
4000 350 9000 400 700 0 0 1   9 0 0 R 1    1
4000 0 9000 1000 1000 0 1 0   0 0 10 R 0   0

-2000 350 5000 400 700 0 0 1   9 0 0 R 1    1
-2000 0 5000 1000 1000 0 1 0   0 0 10 R 0   0
2000 350 5000 400 700 0 0 1   9 0 0 R 1    1
2000 0 5000 1000 1000 0 1 0   0 0 10 R 0   0

-4000 350 3000 400 700 0 0 1   9 0 0 R 1    1
-4000 0 3000 1000 1000 0 1 0   0 0 10 R 0   0
7000 350 3000 400 700 0 0 1   9 0 0 R 1    1
7000 0 3000 1000 1000 0 1 0   0 0 10 R 0   0

-5000 350 0 400 700 0 0 1   9 0 0 R 1    1
-5000 0 0 1000 1000 0 1 0   0 0 10 R 0   0
6000 350 0 400 700 0 0 1   9 0 0 R 1    1
6000 0 0 1000 1000 0 1 0   0 0 10 R 0   0

-4000 350 -3000 400 700 0 0 1   9 0 0 R 1    1
-4000 0 -3000 1000 1000 0 1 0   0 0 10 R 0   0
4000 350 -3000 400 700 0 0 1   9 0 0 R 1    1
4000 0 -3000 1000 1000 0 1 0   0 0 10 R 0   0

-3000 350 -6000 400 700 0 0 1   9 0 0 R 1    1
-3000 0 -6000 1000 1000 0 1 0   0 0 10 R 0   0
3000 350 -7000 400 700 0 0 1   9 0 0 R 1    1
3000 0 -7000 1000 1000 0 1 0   0 0 10 R 0   0

-7000 350 -10000 400 700 0 0 1   9 0 0 R 1    1
-7000 0 -10000 1000 1000 0 1 0   0 0 10 R 0   0
7000 350 -10000 400 700 0 0 1   9 0 0 R 1    1
7000 0 -10000 1000 1000 0 1 0   0 0 10 R 0   0

-100 350 -20000 400 700 0 0 1   9 0 0 R 1    1
-100 0 -20000 1000 1000 0 1 0   0 0 10 R 0   0
100 350 -20000 400 700 0 0 1   9 0 0 R 1    1
100 0 -20000 1000 1000 0 1 0   0 0 10 R 0   0

3
0 0  2000 0 0  20000  200   0 0 0   146 90 61
0 0 -2000 0 0 -20000  200   0 0 0   123 77 51
100 0 8000 6500 0 8000 300  0 0 255 128 64 64

init_outdoors()_OK