0 0 0  2800 500 4000
60 60 60   200 100 100   0 100 100

11
-650 200 -2000 200 240   0 0 -1  3 0 0   R 1
100 200 -2000 300 400  0 0 -1  2 0 0   R 1
850 200 -2000 200 240  0 0 -1  3 0 0   R 1

-1400 200 -1000 200 240  -1 0 0   3 0 0   R 1
-1400 200 0    200 240  -1 0 0   3 0 0   R 1
-1400 200 1000 200 240  -1 0 0   3 0 0   R 1

-500 200 2000 200 240   0 0 1  3 0 0   R 1
500 200 2000 200 240  0 0 1  3 0 0   R 1

1400 200 -1000 200 240  1 0 0   3 0 0   R 1
1400 200 0    200 240  1 0 0   3 0 0   R 1
1400 200 1000 200 240  1 0 0   3 0 0   R 1

1
2 0 0  0 190 2000  0 0 1   L S 2.0 0.3   0 0 0

2
-1400 280 1700 140 140  1 0 0  6 0 0   R 1
0 0   0    200 200  0 1 0   0 0 32   R 0

7
C
5 -400 75 400 300 150 180 150   0 0 1   0
1 R 1  1 R 1  0 R 1  2 R 1  2 R 1
C
4 -400 50 280 100 100 100 200   0 0 1   0
2 R 1  1 R 1  0 R 3  3 R 1  3 R 1
C
4 -400 50 520 100 100 100 200   0 0 -1   0
2 R 1  1 R 1  0 R 3  3 R 1  3 R 1

Q
-450 190 400 40 80   0 0 1  7 0 0 R 1     1
Q
-350 190 400 40 80   0 0 1  7 0 0 R 1     1

T
5 -400 75 -600 300 150 180 150   0 0 1   0
1 R 1  1 R 1  0 R 1  2 R 1  2 R 1
2
7 0 0 R 1   1
-50 40 0 40 80   0 0 1   255 255 255
7 0 0 R 1   1
50 40 0 40 80   0 0 1   255 255 255
5
4 0 50 -120 100 100 100 200   0 0 1   0
2 R 1  1 R 1  0 R 3  3 R 1  3 R 1
4 0 50 120 100 100 100 200   0 0 -1   0
2 R 1  1 R 1  0 R 3  3 R 1  3 R 1
4 1725 50 -150 100 100 100 200   -1 0 0   0
2 R 1  1 R 1  0 R 3  3 R 1  3 R 1
4 1725 50  0 100 100 100 200   -1 0 0   0
2 R 1  1 R 1  0 R 3  3 R 1  3 R 1
4 1725 50  150 100 100 100 200   -1 0 0   0
2 R 1  1 R 1  0 R 3  3 R 1  3 R 1

B
8 700 160 800 40 60 8  0  255 255 255
0 R 1 
1 R 1
3 R 0 
3 R 0 
2 R 1 
3 R 0