8000 0 8000  3000 700 5000
160 60 60   0 100 100   100 160 100

11
-1500 200 -1250 200 240   -1 0 0  3 0 0   R 1
-1500 200     0  300 400  -1 0 0  2 0 0   R 1
-1500 200  1250  200 240  -1 0 0  3 0 0   R 1

1500 200 -2000  200 240  1 0 0   3 0 0   R 1
1500 200 -1000  200 240  1 0 0   3 0 0   R 1
1500 200  1000  200 240  1 0 0   3 0 0   R 1
1500 200  2000  200 240  1 0 0   3 0 0   R 1

-1000 200 2500  200 240   0 0 1  3 0 0   R 1
1000  200 2500  200 240  0 0 1  3 0 0   R 1

-1000 200 -2500  200 240   0 0 -1  3 0 0   R 1
1000  200 -2500  200 240  0 0 -1  3 0 0   R 1

5
0    280 2500 140 140  0 0 -1  6 0 0   R 1
500  0 500    200 200  0 1 0   0 0 32   R 0
-500 0 500    200 200  0 1 0   0 0 24   R 0
500  0 -500   200 200  0 1 0   0 0 22   R 0
-500 0 -500   200 200  0 1 0   0 0 19   R 0

2

T
5  8000 0 8000 300 150 180 150   0 0 1   0
1 R 1  1 R 1  0 R 1  2 R 1  2 R 1
2
7 0 0 R 1   1
-50 40 0 40 80   0 0 1   255 255 255
7 0 0 R 1   1
50 40 0 40 80   0 0 1   255 255 255
2
4 0 0 -120 100 100 100 200   0 0 1   0
2 R 1  1 R 1  0 R 3  3 R 1  3 R 1
4 0 0 120 100 100 100 200   0 0 -1   0
2 R 1  1 R 1  0 R 3  3 R 1  3 R 1

B
0   8000 100 6500 200 200 200  0  255 255 255
24 R 1 
24 R 1
24 R 0 
24 R 0 
24 R 1 
24 R 0