0   -2000 100 6000 200 200 200  0  255 255 255
24 R 1 24 R 1 24 R 0 24 R 0 24 R 1 24 R 0

0   2000 70 5000 140 140 140  0  255 255 255
25 R 1 25 R 1 25 R 0 25 R 0 25 R 1 25 R 0

2 0 0  R 1   0 150 0  200 300  0 0 1  255 255 255
0 0 10 R 0   0  0  0  200 200  0 1 0  255 255 255
6 0 0  R 1   0  0  0  300 300  0 0 1  255 255 255

2
-1000 0 8000
-1000 0 5000
2
1000 0 8000
1000 0 5000

7
-2000 0 4000
-2000 0 6000
2000 0 4000
2000 0 6000
-10000 0 0
10000 0 0
0 0 -10000

6
-2000  500 8000   0 0 1  
0      700 8000   0 0 1
2000   500 8000   0 0 1
-10000 500 0      1 0 0
10000  500 0      -1 0 0
0      500 -10000 0 0 1

3
-8000 500 5000 30 100 0 240
3000  500 2000 60 140 0 200
0    2000 9000 40 180 0 160

init_terrain_OK